        53                   0       0  49.7756  1.34206    13   50.112   46.7067  49.7756
        53                   0       1  44.4287  1.33414     8   44.3775  42.7545  44.4287
        53                   0       2  48.109   1.57368    10   47.6793  45.3109  48.109
        53                   0       3  46.4579  1.2565      5   46.3751  44.6003  46.4579
        55                   1       0  49.4113  0.863547   13   49.3605  47.9826  49.4113
        55                   1       1  49.716   0.817803    8   49.656   48.3177  49.716
        55                   1       2  50.2719  0.91058    11   50.605   48.8982  50.2719
        55                   1       3  49.3805  0.310412    5   49.4297  48.87    49.3805
        71                   2       0  42.6378  1.05075    11   42.8608  40.4908  42.6378
        71                   2       1  37.9742  1.13155     5   37.2042  37.0573  37.9742
        71                   2       2  39.931   1.54207    12   39.3981  38.781   39.931
        71                   2       3  37.4294  0.771071    5   37.6891  36.1643  37.4294
        63                   3       0  50.4331  1.63999    12   50.2843  48.3021  50.4331
        63                   3       1  47.3771  1.214       9   46.5774  46.0137  47.3771
        63                   3       2  51.9283  0.81962    13   51.9422  50.76    51.9283
        63                   3       3  51.4632  0.803112    6   51.6514  50.3603  51.4632
         0                   4       0  51.7132  2.71535     9   51.0738  48.5799  51.7132
         0                   4       1  53.6924  2.09304     9   53.7359  49.4028  53.6924
         0                   4       2  54.238   3.1992     11   53.7884  48.1099  54.238
         0                   4       3  56.7261  0.85549     4   57.1695  55.2506  56.7261
        62                   5       0  49.4799  0.793836   12   49.2029  48.467   49.4799
        62                   5       1  50.0732  1.5085     11   50.3657  46.4434  50.0732
        62                   5       2  47.167   1.90496    13   47.1663  44.932   47.167
        62                   5       3  47.8122  1.10825     5   48.2512  46.2715  47.8122
        48                   6       0  51.7363  0.878641    9   51.9864  49.8178  51.7363
        48                   6       1  49.2827  1.39212    10   49.6733  45.8327  49.2827
        48                   6       2  47.3714  1.14008    13   47.1908  45.8752  47.3714
        48                   6       3  46.4797  1.39042     8   46.8332  44.4529  46.4797
        43                   7       0  50.9381  1.78211     7   51.7089  47.1345  50.9381
        43                   7       1  49.1846  0.817292    8   49.3034  47.4044  49.1846
        43                   7       2  51.5093  1.54565    13   51.3826  48.5139  51.5093
        43                   7       3  51.9217  1.29023    14   51.4744  50.0998  51.9217
        38                   8       0  50.3872  1.23808     6   50.0059  49.0919  50.3872
        38                   8       1  48.843   1.87618     9   48.8501  46.2645  48.843
        38                   8       2  47.4573  0.789716   13   47.4656  45.6336  47.4573
        38                   8       3  47.4256  0.911853   12   47.3797  46.1162  47.4256
        42                   9       0  48.3742  0.413764    5   48.3532  47.8737  48.3742
        42                   9       1  47.9789  1.29586     8   47.9681  46.1988  47.9789
        42                   9       2  46.0669  1.41562    13   46.089   44.2027  46.0669
        42                   9       3  49.1618  1.33121    17   49.1709  45.9174  49.1618
        59                  10       0  49.3183  0.691668    6   49.0486  48.7629  49.3183
        59                  10       1  48.9835  1.23427     9   49.4885  46.0591  48.9835
        59                  10       2  52.5327  1.42015    13   52.1287  50.5216  52.5327
        59                  10       3  49.6228  1.1479     14   49.5078  47.9967  49.6228
        39                  11       0  50.4335  0.921868    5   50.2619  49.0634  50.4335
        39                  11       1  48.8597  1.08442     9   48.5709  47.262   48.8597
        39                  11       2  48.069   1.46263    13   47.4909  46.2562  48.069
        39                  11       3  47.2077  0.91597    15   47.3823  45.5949  47.2077
        46                  12       0  41.5526  1.1046      5   41.9733  39.5755  41.5526
        46                  12       1  42.727   1.11369     9   42.9112  40.6651  42.727
        46                  12       2  42.3464  1.0949     13   42.3354  39.6568  42.3464
        46                  12       3  40.5812  1.54961    16   40.5001  36.4255  40.5812
        45                  13       0  46.9666  0.784494    3   47.4905  45.8577  46.9666
        45                  13       1  48.15    0.61793     5   48.0178  47.1388  48.15
        45                  13       2  45.2315  1.15819    15   45.3869  42.3175  45.2315
        45                  13       3  45.4598  1.57563    23   45.1342  43.5994  45.4598
        75                  14       0  48.9998  2.13694     6   48.0127  47.6824  48.9998
        75                  14       1  53.1832  1.58443     9   52.658   51.1084  53.1832
        75                  14       2  49.7053  1.59996    15   49.5531  46.7221  49.7053
        75                  14       3  42.8308  2.00329    16   42.6919  40.0673  42.8308
        64                  15       0  49.1259  1.2432      5   48.6659  47.875   49.1259
        64                  15       1  46.7235  0.846496    8   46.5999  45.7355  46.7235
        64                  15       2  48.3642  1.16486    13   48.2899  46.7789  48.3642
        64                  15       3  45.8255  1.48349    17   45.7725  42.8163  45.8255
        66                  16       0  51.1085  0.922118    5   50.6899  49.9594  51.1085
        66                  16       1  51.6046  1.09014     9   51.1801  49.939   51.6046
        66                  16       2  50.7763  1.46078    16   50.4503  48.0526  50.7763
        66                  16       3  49.2841  1.49553    11   49.088   46.6998  49.2841
