53	4	0	0	3.67	0.11	216.43	198.04	893.83	37.90
53	4	0	1	3.67	0.11	62.24	193.57	893.83	37.90
53	1	0	2	3.67	0.11	230.96	257.76	841.34	572.04
53	4	0	3	3.67	0.11	168.17	195.79	893.83	37.90
55	4	1	0	3.24	0.63	75.58	220.72	893.83	37.90
55	4	1	1	3.57	0.61	184.37	212.24	893.83	37.90
55	4	1	2	4.03	0.60	-58.34	211.80	893.83	37.90
55	4	1	3	3.82	0.61	3.58	212.53	893.83	37.90
71	4	2	0	4.27	0.60	-318.47	210.93	893.83	37.90
71	4	2	1	4.46	0.61	-399.40	212.47	893.83	37.90
71	4	2	2	4.33	0.60	-375.75	211.07	893.83	37.90
71	4	2	3	4.21	0.60	-209.42	210.60	893.83	37.90
63	4	3	0	4.02	0.60	-179.69	212.02	893.83	37.90
63	0	3	1	3.38	0.61	-363.31	212.84	1125.69	480.22
63	4	3	2	4.21	0.60	-365.52	210.64	893.83	37.90
63	4	3	3	4.28	0.62	-200.91	216.07	893.83	37.90
0	4	4	0	2.68	0.59	915.05	205.59	893.83	37.90
0	4	4	1	3.26	0.59	713.38	208.09	893.83	37.90
0	4	4	2	3.10	0.58	721.01	205.07	893.83	37.90
0	4	4	3	2.96	0.59	885.05	206.54	893.83	37.90
62	4	5	0	3.87	0.60	-129.67	211.61	893.83	37.90
62	4	5	1	3.67	0.11	0.00	0.00	893.83	37.90
62	4	5	2	3.16	0.60	164.84	211.12	893.83	37.90
62	4	5	3	3.29	0.62	-125.62	217.76	893.83	37.90
48	1	6	0	3.67	0.11	79.76	225.62	861.90	510.50
48	4	6	1	3.67	0.11	115.52	210.66	893.83	37.90
48	4	6	2	2.85	0.64	173.21	221.99	893.83	37.90
48	1	6	3	3.67	0.11	339.73	220.82	917.80	499.59
43	1	7	0	3.67	0.11	440.62	288.06	802.03	665.44
43	0	7	1	2.51	0.73	-157.63	252.91	923.67	567.47
43	4	7	2	4.02	0.64	-280.61	222.06	893.83	37.90
43	4	7	3	4.34	0.72	-415.15	250.02	893.83	37.90
38	1	8	0	3.67	0.11	-170.29	226.84	648.24	506.60
38	4	8	1	3.67	0.11	191.95	205.05	893.83	37.90
38	4	8	2	3.71	0.74	-153.91	255.16	893.83	37.90
38	0	8	3	2.40	0.66	-71.12	228.77	960.18	511.30
42	4	9	0	3.67	0.11	61.10	202.13	893.83	37.90
42	4	9	1	3.67	0.11	496.24	206.50	893.83	37.90
42	4	9	2	3.80	0.63	-63.37	220.18	893.83	37.90
42	1	9	3	3.67	0.11	597.51	238.02	861.42	526.26
59	4	10	0	3.67	0.11	73.65	193.50	893.83	37.90
59	4	10	1	3.67	0.11	72.73	193.44	893.83	37.90
59	4	10	2	3.67	0.11	84.89	193.43	893.83	37.90
59	4	10	3	3.67	0.11	70.20	193.49	893.83	37.90
39	4	11	0	3.67	0.11	25.71	193.39	893.83	37.90
39	4	11	1	3.67	0.11	79.64	193.68	893.83	37.90
39	4	11	2	3.67	0.11	82.51	193.41	893.83	37.90
39	0	11	3	2.98	0.97	-257.10	332.50	996.06	739.35
46	4	12	0	3.67	0.11	33.54	193.40	893.83	37.90
46	4	12	1	3.67	0.11	48.11	193.36	893.83	37.90
46	4	12	2	3.67	0.11	50.58	193.37	893.83	37.90
46	4	12	3	3.67	0.11	32.78	193.35	893.83	37.90
45	4	13	0	3.67	0.11	41.14	193.46	893.83	37.90
45	4	13	1	3.67	0.11	34.24	193.39	893.83	37.90
45	4	13	2	3.67	0.11	80.09	193.46	893.83	37.90
45	4	13	3	3.67	0.11	48.36	193.38	893.83	37.90
75	4	14	0	4.57	0.79	-547.29	274.10	893.83	37.90
75	4	14	1	4.34	0.62	-375.56	215.89	893.83	37.90
75	4	14	2	4.00	0.60	-394.96	210.61	893.83	37.90
75	4	14	3	4.14	0.64	-186.81	225.94	893.83	37.90
64	4	15	0	3.67	0.11	38.60	193.39	893.83	37.90
64	4	15	1	3.67	0.11	48.35	193.46	893.83	37.90
64	4	15	2	3.67	0.11	66.54	193.53	893.83	37.90
64	4	15	3	3.67	0.11	80.43	194.03	893.83	37.90
66	4	16	0	3.67	0.11	31.18	193.44	893.83	37.90
66	4	16	1	3.67	0.11	52.76	193.53	893.83	37.90
66	4	16	2	3.67	0.11	52.24	193.46	893.83	37.90
66	4	16	3	3.67	0.11	42.35	193.55	893.83	37.90
